Task 1 — Mapping Time vs Number of Cuts
======================================================================

Median CPU Time (seconds):
benchmark   adder  arbiter     bar   cavlc    ctrl     dec     div      hyp     i2c  int2float    log2     max  mem_ctrl  multiplier  priority  router     sin    sqrt  square   voter
cut_limit                                                                                                                                                                             
2          0.0571   0.0891  0.0630  0.0572  0.0550  0.0548  0.2628   0.8005  0.0577     0.0544  0.1672  0.0642    0.2199      0.1342    0.0560  0.0545  0.0742  0.1312  0.1096  0.0916
4          0.0598   0.1045  0.0640  0.0573  0.0549  0.0553  0.4101   1.4608  0.0592     0.0548  0.2839  0.0696    0.3293      0.2165    0.0574  0.0552  0.0935  0.2037  0.1812  0.1209
8          0.0610   0.1298  0.0697  0.0587  0.0562  0.0557  0.8182   3.0479  0.0623     0.0553  0.5547  0.0800    0.5385      0.4251    0.0597  0.0560  0.1376  0.3653  0.3351  0.1806
16         0.0649   0.1666  0.0773  0.0603  0.0560  0.0557  1.6334   6.6901  0.0653     0.0562  1.0599  0.0974    0.9096      0.8536    0.0645  0.0572  0.2255  0.6395  0.6653  0.3369
32         0.0695   0.2359  0.0928  0.0623  0.0563  0.0560  3.0497  13.8020  0.0677     0.0557  1.9903  0.1256    1.4283      1.6470    0.0725  0.0590  0.3954  1.1773  1.3364  0.6296
64         0.0694   0.2553  0.1064  0.0626  0.0562  0.0561  5.2262  27.0933  0.0682     0.0563  3.6139  0.1561    1.7693      2.9522    0.0818  0.0608  0.7439  2.1112  2.6415  1.0729

Average across benchmarks:
           avg_time_sec  avg_luts  avg_levels
cut_limit                                    
2                0.1327   6260.75      327.85
4                0.1996   5610.15      327.35
8                0.3574   5604.20      327.05
16               0.6918   5610.85      326.60
32               1.3205   5608.15      326.45
64               2.4127   5605.35      326.40

ADP (LUTs × Levels):
cut_limit
2     2052587.0
4     1836483.0
8     1832854.0
16    1832504.0
32    1830781.0
64    1829586.0
