Task 3 — QoR Comparison: Baseline ABC vs ML-Guided ABC
===============================================================================================
ABC binary : /Users/hemanggautam/Desktop/eda_proj/abc/abc
ML  binary : /Users/hemanggautam/Desktop/eda_proj/abc/abc_ml
K=6  C_default=8  C_ML=8

 benchmark  abc_luts  ml_luts  luts_imp%  abc_levels  ml_levels  levels_imp%   adp_abc    adp_ml  adp_imp%  speedup
     adder       254      254       0.00          51         51          0.0     12954     12954      0.00   10.225
       bar       512      512       0.00           4          4          0.0      2048      2048      0.00    0.889
       div     22030    19942       9.48         864        864          0.0  19033920  17229888      9.48    0.352
       hyp     44508    41969       5.70        4194       4194          0.0 186666552 176017986      5.70    0.378
      log2      8010     7778       2.90          77         77          0.0    616770    598906      2.90    0.410
       max       842      831       1.31          56         56          0.0     47152     46536      1.31    0.598
multiplier      5929     5683       4.15          53         53          0.0    314237    301199      4.15    0.412
       sin      1464     1421       2.94          42         42          0.0     61488     59682      2.94    0.537
      sqrt      5724     5180       9.50        1033       1033          0.0   5912892   5350940      9.50    0.437
    square      3997     3502      12.38          50         50          0.0    199850    175100     12.38    0.603
   arbiter      2722     2722       0.00          18         18          0.0     48996     48996      0.00    0.664
     cavlc       122      122       0.00           4          4          0.0       488       488      0.00    0.929
      ctrl        29       29       0.00           2          2          0.0        58        58      0.00    1.004
       dec       287      287       0.00           2          2          0.0       574       574      0.00    1.011
       i2c       365      362       0.82           4          4          0.0      1460      1448      0.82    0.890
 int2float        49       49       0.00           3          3          0.0       147       147      0.00    1.023
  mem_ctrl     12104    11914       1.57          25         25          0.0    302600    297850      1.57    0.402
  priority       219      218       0.46          31         31          0.0      6789      6758      0.46    0.878
    router        91       91       0.00          11         11          0.0      1001      1001      0.00    0.968
     voter      2826     2785       1.45          17         17          0.0     48042     47345      1.45    0.501

Summary:
  LUT     : mean=+2.63%  min=+0.00%  max=+12.38%
  Levels  : mean=+0.00%  min=+0.00%  max=+0.00%
  ADP     : mean=+2.63%  min=+0.00%  max=+12.38%
